%--------------------------------------------------------------------------
%{
        4 Point Gaussian Quadratture Triangle
%}
%--------------------------------------------------------------------------
Weights2D=[-0.5625 0.520833333333333 0.520833333333333 0.520833333333333];    
r1_2D=[0.333333333333333 0.6 0.2 0.2];r2_2D=[0.333333333333333 0.2 0.6 0.2];r3_2D=[0.333333333333333 0.2 0.2 0.6];