%---------------------------Gaussian Quadrature 3D-------------------------
%{
%}
%--------------------------------------------------------------------------
%{
Weights=[-0.013155555555556; 0.007622222222222; 0.007622222222222; 0.007622222222222; 0.007622222222222;    0.024888888888889;  0.024888888888889; 0.024888888888889; 0.024888888888889; 0.024888888888889;0.024888888888889;];

Points=[0.250000000000000 0.785714285714286 0.071428571428571 0.071428571428571 0.071428571428571 0.399403576166799 0.100596423833201 0.399403576166799  0.100596423833201 0.399403576166799 0.100596423833201;
       0.250000000000000 0.071428571428571 0.785714285714286 0.071428571428571 0.071428571428571 0.100596423833201 0.399403576166799 0.100596423833201  0.399403576166799 0.100596423833201 0.399403576166799;
       0.250000000000000 0.071428571428571 0.071428571428571 0.785714285714286 0.071428571428571 0.399403576166799 0.100596423833201 0.399403576166799  0.100596423833201 0.399403576166799 0.100596423833201;
       0.250000000000000 0.071428571428571 0.071428571428571 0.071428571428571 0.785714285714286 0.100596423833201 0.399403576166799 0.100596423833201  0.399403576166799 0.100596423833201 0.399403576166799];
%}
Weights=[-0.078933333333333;0.045733333333333;0.045733333333333;0.045733333333333;0.045733333333333;
         0.149333333333333;0.149333333333333;0.149333333333333;0.149333333333333;0.149333333333333;
         0.149333333333333]; 

%Óçìåßá ÏëïêëÞñùóçò
%zeta=zeta(iz,kt)
Points=[0.250000000000000 0.785714285714286 0.071428571428571 0.071428571428571 0.071428571428571 0.399403576166799 0.100596423833201 0.399403576166799  0.100596423833201 0.399403576166799 0.100596423833201;
      0.250000000000000 0.071428571428571 0.785714285714286 0.071428571428571 0.071428571428571 0.100596423833201 0.399403576166799 0.100596423833201  0.399403576166799 0.100596423833201 0.399403576166799;
      0.250000000000000 0.071428571428571 0.071428571428571 0.785714285714286 0.071428571428571 0.399403576166799 0.100596423833201 0.399403576166799  0.100596423833201 0.399403576166799 0.100596423833201;
      0.250000000000000 0.071428571428571 0.071428571428571 0.071428571428571 0.785714285714286 0.100596423833201 0.399403576166799 0.100596423833201  0.399403576166799 0.100596423833201 0.399403576166799];
%{
Weights=[-0.0789333333;0.0457333333;0.0457333333;0.0457333333;0.0457333333;0.1493333333;0.1493333333;0.1493333333;0.1493333333;0.1493333333;0.1493333333];
Point1=0.7857142857;Point2=0.0714285714;Point3=0.3994035762;Point4=0.1005964238;
Points=[0.25 Point1 Point2 Point2 Point2 Point3 Point3 Point3 Point4 Point4 Point4;...
        0.25 Point2 Point1 Point2 Point2 Point4 Point4 Point3 Point3 Point3 Point4;...
        0.25 Point2 Point2 Point1 Point2 Point3 Point4 Point4 Point3 Point4 Point3;...
        0.25 Point2 Point2 Point2 Point1 Point4 Point3 Point4 Point4 Point3 Point3;];
%}
%{
Points=[0.2500000000 0.7857142857 0.0714285714  0.0714285714 0.0714285714 0.3994035762 0.3994035762 0.3994035762 0.1005964238 0.1005964238 0.1005964238;...
        0.2500000000 0.0714285714 0.7857142857  0.0714285714 0.0714285714 0.3994035762 0.3994035762 0.3994035762 0.1005964238 0.1005964238 0.1005964238;
        
        
        0.2500000000 0.0714285714 0.0714285714  0.7857142857 0.0714285714 0.3994035762 0.3994035762 0.3994035762 0.1005964238 0.1005964238 0.1005964238;
        %}